Fall 2017 CS4710 HW3 Write Up

Hans Zhang (kz6ef)
Bryan Chen (bc2vf)

U' after Value Iteration in Case 1
iterations: 1000
-6.0 	-5.0 	-4.0 	-3.0 	-3.0 	-3.0 	-3.0 	
-6.0 	-5.0 	-4.0 	-3.0 	-2.0 	-2.0 	-2.0 	
-6.0 	-5.0 	-4.0 	-3.0 	-2.0 	-1.0 	-1.0 	
-6.0 	-5.0 	-4.0 	-3.0 	-2.0 	-1.0 	0.0 	
-6.0 	-5.0 	-4.0 	-3.0 	-2.0 	-1.0 	-1.0 	
-6.0 	-5.0 	-4.0 	-3.0 	-2.0 	-2.0 	-2.0 	
-6.0 	-5.0 	-4.0 	-3.0 	-3.0 	-3.0 	-3.0 

The optimal path is (3,0)->(3,1)->(3,2)->(3,3)->(3,4)->(3,5)->(3,6)


U' after Value Iteration in Case 2
iterations: 1000
-6.0 	-6.0 	-6.0 	-5.0 	-4.0 	-3.0 	-3.0 	
-6.0 	-5.0 	-5.0 	-4.0 	-3.0 	-2.0 	-2.0 	
-6.0 	-5.0 	-4.0 	-3.0 	-2.0 	-1.0 	-1.0 	
-6.0 	-5.0 	-4.0 	-3.0 	-2.0 	-1.0 	0.0 	
-6.0 	-5.0 	-4.0 	-3.0 	-2.0 	-1.0 	-1.0 	
-6.0 	-5.0 	-4.0 	-3.0 	-2.0 	-2.0 	-2.0 	
-6.0 	-5.0 	-4.0 	-3.0 	-2.0 	-2.0 	-2.0 

The optimal path is (3,0)->(3,1)->(3,2)->(3,3)->(3,4)->(3,5)->(3,6)


U' after Value Iteration in Case 3
iterations: 1000
-8.0 	-7.0 	-6.0 	-5.0 	-4.0 	-3.0 	-3.0 	
-8.0 	-7.0 	-6.0 	-5.0 	-4.0 	-2.0 	-2.0 	
-7.0 	-7.0 	-6.0 	-5.0 	-3.0 	-1.0 	-1.0 	
-6.0 	-6.0 	-6.0 	-4.0 	-2.0 	-1.0 	0.0 	
-6.0 	-5.0 	-5.0 	-3.0 	-2.0 	-1.0 	-1.0 	
-6.0 	-5.0 	-4.0 	-3.0 	-2.0 	-2.0 	-2.0 	
-6.0 	-5.0 	-4.0 	-3.0 	-2.0 	-2.0 	-2.0 	

The optimal path is (3,0)->(3,1)->(3,2)->(3,3)->(3,4)->(3,5)->(3,6)